[204,3200],[25,3364],[566,3955],[745,3791]
[497,1764],[289,1885],[689,2568],[897,2447]
[795,3874],[664,4068],[1319,4509],[1449,4315]
[926,2481],[767,2656],[1347,3181],[1506,3005]
[942,3527],[796,3722],[1435,4198],[1580,4002]
[1358,5298],[1285,5526],[2043,5766],[2116,5537]
[1623,4035],[1540,4257],[2280,4533],[2363,4310]
[1660,4443],[1607,4671],[2380,4851],[2433,4622]
[1714,5051],[1698,5289],[2500,5340],[2515,5102]
[1940,2953],[1858,3174],[2602,3451],[2684,3230]
[2043,3862],[1977,4093],[2737,4313],[2804,4082]
[2161,5527],[2156,5764],[2950,5781],[2955,5545]
[2364,3702],[2322,3938],[3097,4077],[3140,3841]
[2524,4595],[2505,4832],[3304,4897],[3323,4659]
[2573,5126],[2567,5367],[3368,5386],[3374,5145]
[2811,2274],[2655,2459],[3260,2973],[3417,2788]
[2853,4105],[2816,4333],[3591,4459],[3628,4230]
[2874,1829],[2700,1985],[3225,2571],[3399,2415]
[3155,6247],[3147,6011],[2334,6039],[2343,6275]
[3194,3855],[3172,4092],[3969,4166],[3991,3929]
[3299,3078],[3244,3308],[4016,3495],[4072,3264]
[3314,1983],[3207,2195],[3916,2552],[4023,2340]
[3422,2462],[3350,2689],[4110,2932],[4182,2705]
[3435,2794],[3388,3030],[4180,3187],[4227,2951]
[3499,1644],[3400,1857],[4115,2191],[4215,1978]
[3545,3559],[3536,3802],[4340,3833],[4349,3590]
[3834,5732],[3822,5503],[3057,5543],[3069,5772]
[4020,6091],[3975,5854],[3199,6002],[3244,6239]
[4057,2335],[4030,2564],[4819,2657],[4846,2429]
[4084,5888],[4075,6121],[4874,6151],[4883,5918]
[4114,3284],[4111,3526],[4914,3537],[4918,3295]
[4187,6557],[4165,6330],[3362,6408],[3384,6634]
[4192,4893],[4189,4638],[3400,4646],[3402,4901]
[4241,1984],[4225,2221],[5027,2276],[5043,2038]
[4254,6329],[4245,6563],[5043,6594],[5052,6360]
[4254,5315],[4235,5081],[3434,5147],[3454,5381]
[4424,1616],[4377,1849],[5145,2004],[5193,1771]
[4467,4466],[4464,4206],[3701,4214],[3704,4475]
[4700,5701],[4697,5461],[3917,5469],[3920,5709]
[4740,1353],[4686,1581],[5454,1763],[5508,1534]
[4835,4115],[4823,3872],[4029,3911],[4041,4154]
[5037,2859],[5009,2620],[4222,2712],[4250,2951]
[5074,3102],[5046,2871],[4250,2969],[4278,3200]
[5083,4838],[5077,4598],[4277,4617],[4283,4857]
[5130,5280],[5120,5039],[4312,5071],[4322,5313]
[5377,6975],[5376,6723],[4640,6726],[4641,6977]
[5621,5674],[5604,5437],[4814,5494],[4832,5731]
[5734,6177],[5732,5926],[5001,5932],[5003,6183]
[5743,2426],[5686,2198],[4907,2390],[4964,2618]
[5931,2737],[5840,2525],[5109,2838],[5200,3049]
[5964,4585],[5908,4352],[5126,4538],[5182,4771]
[5968,6544],[5950,6303],[5141,6366],[5160,6607]
[5978,5092],[5928,4874],[5141,5052],[5190,5270]
[6054,1812],[5996,1584],[5212,1783],[5270,2011]
[6113,723],[6058,495],[5304,677],[5359,905]
[6168,1164],[6139,927],[5333,1025],[5362,1262]
[6312,6811],[6263,6581],[5479,6745],[5527,6976]
[6464,5421],[6400,5191],[5648,5400],[5711,5630]
[6622,232],[6559,21],[5801,247],[5864,458]
[6631,5813],[6571,5598],[5807,5811],[5867,6027]
[6767,2541],[6713,2319],[5941,2503],[5994,2726]
[6796,6317],[6731,6089],[5971,6306],[6036,6534]
[6832,4815],[6759,4595],[6005,4845],[6078,5065]
[6889,4274],[6823,4060],[6055,4297],[6122,4512]
[6894,1589],[6831,1363],[6060,1579],[6123,1805]
[6960,504],[6904,272],[6140,455],[6196,687]
[7127,7050],[7070,6812],[6286,7001],[6343,7239]
[7153,6540],[7076,6317],[6331,6574],[6408,6797]
[7214,776],[7143,558],[6386,805],[6457,1023]
[7228,5170],[7156,4963],[6470,5201],[6542,5408]
[7472,5620],[7414,5390],[6659,5581],[6718,5811]
[7589,2431],[7557,2193],[6755,2299],[6787,2537]
[7619,6052],[7548,5827],[6804,6062],[6875,6286]
[7641,4593],[7596,4374],[6809,4534],[6854,4753]
[7686,7308],[7612,7082],[6859,7328],[6933,7554]
[7711,4120],[7651,3890],[6877,4092],[6937,4322]
[7723,1297],[7648,1084],[6885,1354],[6960,1567]
[7947,6787],[7871,6565],[7119,6823],[7195,7045]
[7975,6369],[7924,6136],[7143,6305],[7193,6538]
[8112,7582],[8044,7358],[7284,7586],[7351,7811]
[8160,4919],[8094,4698],[7326,4927],[7392,5147]
[8306,5416],[8236,5185],[7472,5416],[7542,5647]
[8462,5793],[8395,5567],[7636,5791],[7703,6018]
[8495,7030],[8423,6816],[7650,7077],[7722,7290]
[8532,4359],[8464,4134],[7693,4367],[7761,4592]
[8570,3858],[8503,3633],[7741,3859],[7808,4084]
[8783,6079],[8706,5864],[7959,6131],[8035,6346]
[8796,6532],[8721,6289],[7952,6526],[8026,6768]
[8927,7268],[8840,7048],[8098,7344],[8185,7564]
[8999,4627],[8918,4411],[8163,4695],[8245,4911]
[9084,7651],[8989,7434],[8265,7751],[8360,7968]
[9119,5117],[9034,4889],[8286,5169],[8371,5397]
[9306,5446],[9211,5217],[8464,5529],[8560,5757]
[9310,6707],[9227,6482],[8477,6760],[8560,6985]
[9331,4023],[9228,3802],[8509,4138],[8612,4359]
[9380,3471],[9277,3256],[8549,3607],[8653,3821]
[9594,6200],[9508,5979],[8778,6263],[8863,6483]
[9609,5724],[9512,5508],[8784,5836],[8880,6051]
[9703,6864],[9598,6656],[8891,7014],[8996,7222]
[9780,4193],[9657,3991],[8974,4403],[9096,4605]
[9852,7232],[9737,7022],[9042,7405],[9158,7614]
[9894,4628],[9764,4422],[9077,4857],[9207,5063]
[10043,3464],[9897,3283],[9284,3779],[9431,3960]
[10074,5005],[9953,4804],[9257,5224],[9379,5425]
[10086,2892],[9932,2708],[9340,3201],[9494,3385]
[10089,6275],[9980,6069],[9278,6441],[9387,6647]
[10331,5663],[10192,5472],[9544,5945],[9683,6135]
[10342,5232],[10205,5034],[9544,5487],[9680,5686]
[10383,3651],[10237,3483],[9689,3959],[9836,4127]
[10409,6382],[10268,6183],[9641,6628],[9783,6827]
[10521,4030],[10358,3854],[9791,4382],[9954,4557]
[10550,6742],[10416,6548],[9765,6999],[9899,7193]
[10699,4361],[10521,4195],[9986,4769],[10164,4935]